1
3
13
0.758833 0.041773 -0.050308 -0.003108 -0.035111 -0.013539 0.002281 -0.026677 0.066587 -0.057193 0.092023 -0.040127 0.100046 
0.196640 0.778325 -0.036721 0.029747 -0.054216 0.019436 0.081996 -0.104491 0.007725 0.023137 0.010636 0.024632 -0.037252 
-0.121518 0.073429 0.872064 0.008823 -0.168100 0.105483 -0.075328 0.147704 -0.055323 0.071350 -0.087597 -0.067457 -0.031960 
0.247490 0.028344 0.070753 1.016209 0.042747 -0.100369 0.050716 -0.032604 0.046192 -0.032832 0.064163 -0.090618 0.069736 
-0.093358 0.067738 -0.124093 0.057546 1.090034 0.007464 0.072183 0.130872 -0.012784 0.080356 -0.112457 0.076728 -0.024619 
0.122088 0.004568 0.229966 0.053308 -0.128158 0.752350 0.037014 -0.000055 0.095367 0.008571 0.190111 -0.236939 0.060399 
-0.335599 0.222416 -0.109620 -0.057221 0.051340 0.012024 1.098193 0.016193 -0.130709 0.057440 0.053547 0.052103 -0.033416 
0.187718 0.089508 0.279305 -0.095997 0.125567 -0.018648 -0.012926 0.956822 0.058746 -0.001981 0.030101 0.022891 0.044976 
-0.177819 -0.034021 -0.225622 0.159006 0.060776 0.021302 0.014176 0.106286 0.928955 -0.070156 0.131893 0.044389 0.016303 
0.065915 -0.075224 0.103662 -0.178140 0.185597 -0.035966 0.039495 -0.123890 -0.027761 0.882125 0.167284 -0.181756 0.274876 
0.210550 0.250298 0.028887 -0.019936 -0.150673 0.206942 -0.034154 0.014050 -0.000501 0.061772 0.849615 0.008330 -0.012663 
-0.144746 -0.063633 -0.205360 -0.196377 0.151937 -0.052360 0.203418 0.042671 0.146271 -0.105085 0.035425 0.898914 -0.107089 
0.037724 0.087350 0.250017 0.039754 -0.138563 -0.076151 -0.058811 0.103305 -0.055585 0.086527 -0.066550 -0.036714 0.910869 
1.712504 0.523825 0.924347 2.089268 0.247498 -0.313658 -1.236438 0.436187 -0.803364 0.614255 -0.844665 -1.460478 0.390574 
1.0 1.0 1.0 1.0 1.0 1.0 1.0 1.0 1.0 1.0 1.0 1.0 1.0 
13
0.850728 0.037567 -0.048017 0.003993 -0.026975 -0.004498 0.015099 -0.005545 0.014646 -0.024919 0.030614 -0.041167 0.032258 
0.165276 0.912054 -0.105601 -0.007816 -0.034394 -0.006322 0.021298 0.013503 -0.018417 0.070599 -0.092367 0.080870 -0.076232 
-0.122063 0.037460 0.852499 0.035011 -0.079623 0.108309 -0.025057 0.039538 0.036194 -0.014943 -0.035725 0.040740 -0.026220 
0.367081 -0.002005 -0.015330 0.924563 0.140976 -0.054195 0.164746 0.021014 -0.065228 0.005981 0.079121 -0.089754 0.083849 
-0.248762 0.065057 0.013846 0.078125 0.995061 0.001307 -0.009275 0.097160 -0.073454 0.014828 0.008172 0.011836 0.024501 
0.251718 -0.071970 0.175553 0.031604 -0.101949 0.956289 -0.010953 -0.028822 0.090511 -0.024754 0.073414 -0.087656 0.043304 
-0.194913 0.158627 -0.104793 -0.110560 0.180148 -0.143433 1.128463 0.075481 -0.118155 0.053524 -0.024841 -0.008066 0.066546 
0.138684 -0.015429 0.264594 -0.057434 0.064960 -0.043736 0.041292 0.868990 0.221034 -0.205141 0.156459 -0.138830 0.200883 
-0.377686 -0.019186 -0.149104 0.217245 -0.182088 0.082077 -0.014501 0.036531 0.951474 0.072586 -0.165259 0.242821 -0.188208 
0.114001 -0.063817 -0.014783 -0.164784 0.151627 -0.047767 0.027176 -0.046450 0.072968 0.848520 0.144514 -0.113212 0.106300 
0.180145 0.230569 0.076835 0.021903 -0.199094 0.221249 -0.103860 -0.022685 0.027967 0.136285 0.821727 0.053869 0.042705 
-0.222131 -0.115961 -0.095290 -0.028637 0.015932 -0.076117 0.090527 -0.022112 0.116804 -0.008663 -0.058011 1.046389 -0.089676 
0.058162 0.031472 0.022950 0.065294 -0.032173 -0.011229 -0.108848 0.119250 -0.058568 0.053320 -0.001376 0.030758 0.902003 
0.015884 0.040757 0.298535 -0.077062 0.286836 -0.215799 0.022152 0.255913 -0.291044 0.416151 -0.229365 -0.047734 0.083055 
1.0 1.0 1.0 1.0 1.0 1.0 1.0 1.0 1.0 1.0 1.0 1.0 1.0 
13
0.896180 0.012785 -0.044812 0.019109 -0.025597 0.002758 -0.004573 0.007354 -0.007073 -0.013641 0.025754 -0.022941 0.014076 
0.173054 0.972585 -0.040984 -0.049762 0.005118 -0.018336 0.020686 -0.008315 -0.015363 0.041847 -0.055861 0.077303 -0.051133 
-0.145045 0.080131 0.918341 0.033660 -0.049877 0.072697 -0.048443 0.026880 0.013616 -0.014032 -0.002705 0.026315 -0.025887 
0.231544 -0.046892 -0.018063 1.066737 0.075123 -0.005782 0.056379 0.026444 -0.048153 0.003447 0.024065 -0.023228 0.018071 
-0.302711 0.057172 -0.017786 0.092502 0.986874 0.006383 -0.002037 0.053681 -0.075153 0.078491 -0.070674 0.068124 0.003451 
0.349015 -0.035709 0.111722 -0.029958 -0.034972 0.983092 -0.022363 0.004432 0.075328 -0.030025 0.083525 -0.069074 0.023321 
-0.272177 0.152653 -0.060693 0.015337 0.094098 -0.021405 0.986741 0.067240 -0.100091 0.091485 -0.068218 0.086068 -0.006219 
0.173944 -0.055066 0.106750 -0.007094 0.099868 -0.081276 0.035110 0.942226 0.084905 -0.064350 0.077757 -0.065937 0.084277 
-0.302541 -0.035947 -0.022039 0.047876 -0.140420 0.064136 -0.003090 0.006080 0.981180 0.023970 -0.087430 0.144849 -0.072677 
0.074249 -0.092010 -0.048095 -0.064530 0.109366 -0.024894 0.081604 -0.069945 0.050456 0.955045 0.043533 -0.067037 0.054159 
0.173464 0.132662 -0.025519 0.052890 -0.065748 0.134837 -0.104644 0.047129 -0.019931 0.070413 0.950666 0.025249 -0.017918 
-0.172165 -0.101936 0.058316 -0.076456 0.028663 -0.078134 0.108887 -0.108117 0.155311 -0.052674 -0.037305 1.049145 -0.022105 
0.012458 -0.002592 -0.034728 0.082231 0.015489 -0.022505 -0.079944 0.102559 -0.030573 0.037318 0.005263 -0.001735 0.972736 
0.016660 -0.144394 -0.246025 -0.038216 0.058952 0.215214 -0.059054 0.034318 0.028913 -0.297654 -0.025219 -0.026439 0.076268 
1.0 1.0 1.0 1.0 1.0 1.0 1.0 1.0 1.0 1.0 1.0 1.0 1.0 
